%......Tick marks to use month labels
xtickax=[    1   32   61   92 ...
           122  153  183  214 ...
           245  275  306  336 ...
           367  398  426  457 ...
           487  518  548  579 ...
           610  640  671  701 ...
           732  763  791  822 ...
           852  883  913  944 ...
           975 1005 1036 1066 ...
          1097 1128 1156 1187 ...
          1217 1248 1278 1309 ...
          1340 1370 1401 1431 ...
          1462 1493 1522 1553 ...
          1583 1614 1644 1675 ...
          1706 1736 1767 1797 ...
          1827 1858 1887 1918 ...
          1948 1979 2009 2040 ...
          2071 2101 2132 2162 ...
          2192 2223 2252 2283 ...
          2313 2344 2374 2405 ...
          2436 2466 2497 2527 ...
          2557 2588 2617 2648 ...
          2678 2709 2739 2770 ...
          2801 2831 2862 2892 ...
          2923 2954 2983 3014 ...
          3044 3075 3105 3136 ...
          3167 3197 3228 3258 ];


xticklb=['1/92'; '    '; '    '; '    '; ...
         '    '; '    '; '    '; '    '; ...
         '    '; '    '; '    '; '    '; ...
         '1/93'; '    '; '    '; '    '; ...
         '    '; '    '; '    '; '    '; ...
         '    '; '    '; '    '; '    '; ...
         '1/94'; '    '; '    '; '    '; ...
         '    '; '    '; '    '; '    '; ...
         '    '; '    '; '    '; '    '; ...
         '1/95'; '    '; '    '; '    '; ...
         '    '; '    '; '    '; '    '; ...
         '    '; '    '; '    '; '    '; ...
         '1/96'; '    '; '    '; '    '; ...
         '    '; '    '; '    '; '    '; ...
         '    '; '    '; '    '; '    '; ...
         '1/97'; '    '; '    '; '    '; ...
         '    '; '    '; '    '; '    '; ...
         '    '; '    '; '    '; '    '; ...
         '1/98'; '    '; '    '; '    '; ...
         '    '; '    '; '    '; '    '; ...
         '    '; '    '; '    '; '    '; ...
         '1/99'; '    '; '    '; '    '; ...
         '    '; '    '; '    '; '    '; ...
         '    '; '    '; '    '; '    '; ...
         '1/00'; '    '; '    '; '    '; ...
         '    '; '    '; '    '; '    '; ...
         '    '; '    '; '    '; '    ' ];

